0.00000000, 0.00000000, 0.01631567
0.00000000, 1.00000000, 0.02646015
0.00000000, 2.00000000, 0.03449473
0.00000000, 3.00000000, 0.04220529
0.00000000, 4.00000000, 0.05072048
0.00000000, 5.00000000, 0.06092725
0.00000000, 6.00000000, 0.07371317
0.00000000, 7.00000000, 0.09016493
0.00000000, 8.00000000, 0.11201260
0.00000000, 9.00000000, 0.14384414
0.00000000, 10.00000000, 0.20427501
0.00000000, 11.00000000, 0.35666239
0.00000000, 12.00000000, 0.65910043
0.00000000, 13.00000000, 0.92344162
0.00000000, 14.00000000, 0.94701493
0.00000000, 15.00000000, 0.80458854
0.00000000, 16.00000000, 0.62220758
0.00000000, 17.00000000, 0.46133641
0.00000000, 18.00000000, 0.33746809
0.00000000, 19.00000000, 0.24760003
0.00000000, 20.00000000, 0.18399110
0.00000000, 21.00000000, 0.13922996
0.00000000, 22.00000000, 0.10755779
0.00000000, 23.00000000, 0.08486378
0.00000000, 24.00000000, 0.06832748
0.00000000, 25.00000000, 0.05604703
0.00000000, 26.00000000, 0.04674583
0.00000000, 27.00000000, 0.03956379
0.00000000, 28.00000000, 0.03391604
0.00000000, 29.00000000, 0.02939967
0.00000000, 30.00000000, 0.02573283
0.00000000, 31.00000000, 0.02271504
0.00000000, 32.00000000, 0.02020120
0.00000000, 33.00000000, 0.01808454
0.00000000, 34.00000000, 0.01628516
0.00000000, 35.00000000, 0.01474236
0.00000000, 36.00000000, 0.01340935
0.00000000, 37.00000000, 0.01224961
0.00000000, 38.00000000, 0.01123426
0.00000000, 39.00000000, 0.01034022
0.00000000, 40.00000000, 0.00954887
0.00000000, 41.00000000, 0.00884504
0.00000000, 42.00000000, 0.00821626
0.00000000, 43.00000000, 0.00765222
0.00000000, 44.00000000, 0.00714432
0.00000000, 45.00000000, 0.00668535
0.00000000, 46.00000000, 0.00626922
0.00000000, 47.00000000, 0.00589075
0.00000000, 48.00000000, 0.00554553
0.00000000, 49.00000000, 0.00522978
0.00000000, 50.00000000, 0.00494024
0.00000000, 51.00000000, 0.00467409
0.00000000, 52.00000000, 0.00442886
0.00000000, 53.00000000, 0.00420244
0.00000000, 54.00000000, 0.00399293
0.00000000, 55.00000000, 0.00379871
0.00000000, 56.00000000, 0.00361831
0.00000000, 57.00000000, 0.00345045
0.00000000, 58.00000000, 0.00329401
0.00000000, 59.00000000, 0.00314797
0.00000000, 60.00000000, 0.00301142
0.00000000, 61.00000000, 0.00288356
0.00000000, 62.00000000, 0.00276368
0.00000000, 63.00000000, 0.00265111
0.00000000, 64.00000000, 0.00254528
0.00000000, 65.00000000, 0.00244567
0.00000000, 66.00000000, 0.00235178
0.00000000, 67.00000000, 0.00226320
0.00000000, 68.00000000, 0.00217953
0.00000000, 69.00000000, 0.00210041
0.00000000, 70.00000000, 0.00202552
0.00000000, 71.00000000, 0.00195456
0.00000000, 72.00000000, 0.00188727
0.00000000, 73.00000000, 0.00182339
0.00000000, 74.00000000, 0.00176270
0.00000000, 75.00000000, 0.00170499
0.00000000, 76.00000000, 0.00165007
0.00000000, 77.00000000, 0.00159776
0.00000000, 78.00000000, 0.00154790
0.00000000, 79.00000000, 0.00150033
0.00000000, 80.00000000, 0.00145492
0.00000000, 81.00000000, 0.00141154
0.00000000, 82.00000000, 0.00137008
0.00000000, 83.00000000, 0.00133041
0.00000000, 84.00000000, 0.00129244
0.00000000, 85.00000000, 0.00125608
0.00000000, 86.00000000, 0.00122122
0.00000000, 87.00000000, 0.00118780
0.00000000, 88.00000000, 0.00115573
0.00000000, 89.00000000, 0.00112494
0.00000000, 90.00000000, 0.00109536
0.00000000, 91.00000000, 0.00106694
0.00000000, 92.00000000, 0.00103961
0.00000000, 93.00000000, 0.00101331
0.00000000, 94.00000000, 0.00098800
0.00000000, 95.00000000, 0.00096363
0.00000000, 96.00000000, 0.00094015
0.00000000, 97.00000000, 0.00091751
0.00000000, 98.00000000, 0.00089568
0.00000000, 99.00000000, -0.00687538
1.00000000, 0.00000000, -0.00035210
1.00000000, 1.00000000, 0.00903674
1.00000000, 2.00000000, 0.01791045
1.00000000, 3.00000000, 0.02580027
1.00000000, 4.00000000, 0.03315699
1.00000000, 5.00000000, 0.04064916
1.00000000, 6.00000000, 0.04895528
1.00000000, 7.00000000, 0.05863627
1.00000000, 8.00000000, 0.06940867
1.00000000, 9.00000000, 0.07641097
1.00000000, 10.00000000, 0.06414930
1.00000000, 11.00000000, 0.05918683
1.00000000, 12.00000000, 0.22697303
1.00000000, 13.00000000, 0.56342067
1.00000000, 14.00000000, 0.82643099
1.00000000, 15.00000000, 0.90670025
1.00000000, 16.00000000, 0.84488950
1.00000000, 17.00000000, 0.71504711
1.00000000, 18.00000000, 0.57119164
1.00000000, 19.00000000, 0.44120030
1.00000000, 20.00000000, 0.33497626
1.00000000, 21.00000000, 0.25293920
1.00000000, 22.00000000, 0.19159549
1.00000000, 23.00000000, 0.14649779
1.00000000, 24.00000000, 0.11355286
1.00000000, 25.00000000, 0.08945054
1.00000000, 26.00000000, 0.07168921
1.00000000, 27.00000000, 0.05845038
1.00000000, 28.00000000, 0.04844139
1.00000000, 29.00000000, 0.04075395
1.00000000, 30.00000000, 0.03475229
1.00000000, 31.00000000, 0.02999058
1.00000000, 32.00000000, 0.02615422
1.00000000, 33.00000000, 0.02301907
1.00000000, 34.00000000, 0.02042351
1.00000000, 35.00000000, 0.01824944
1.00000000, 36.00000000, 0.01640926
1.00000000, 37.00000000, 0.01483711
1.00000000, 38.00000000, 0.01348271
1.00000000, 39.00000000, 0.01230714
1.00000000, 40.00000000, 0.01127992
1.00000000, 41.00000000, 0.01037687
1.00000000, 42.00000000, 0.00957859
1.00000000, 43.00000000, 0.00886935
1.00000000, 44.00000000, 0.00823632
1.00000000, 45.00000000, 0.00766891
1.00000000, 46.00000000, 0.00715830
1.00000000, 47.00000000, 0.00669713
1.00000000, 48.00000000, 0.00627920
1.00000000, 49.00000000, 0.00589926
1.00000000, 50.00000000, 0.00555283
1.00000000, 51.00000000, 0.00523607
1.00000000, 52.00000000, 0.00494568
1.00000000, 53.00000000, 0.00467881
1.00000000, 54.00000000, 0.00443298
1.00000000, 55.00000000, 0.00420604
1.00000000, 56.00000000, 0.00399610
1.00000000, 57.00000000, 0.00380150
1.00000000, 58.00000000, 0.00362078
1.00000000, 59.00000000, 0.00345265
1.00000000, 60.00000000, 0.00329596
1.00000000, 61.00000000, 0.00314971
1.00000000, 62.00000000, 0.00301297
1.00000000, 63.00000000, 0.00288496
1.00000000, 64.00000000, 0.00276493
1.00000000, 65.00000000, 0.00265224
1.00000000, 66.00000000, 0.00254630
1.00000000, 67.00000000, 0.00244659
1.00000000, 68.00000000, 0.00235262
1.00000000, 69.00000000, 0.00226396
1.00000000, 70.00000000, 0.00218022
1.00000000, 71.00000000, 0.00210104
1.00000000, 72.00000000, 0.00202609
1.00000000, 73.00000000, 0.00195509
1.00000000, 74.00000000, 0.00188775
1.00000000, 75.00000000, 0.00182383
1.00000000, 76.00000000, 0.00176311
1.00000000, 77.00000000, 0.00170537
1.00000000, 78.00000000, 0.00165041
1.00000000, 79.00000000, 0.00159808
1.00000000, 80.00000000, 0.00154819
1.00000000, 81.00000000, 0.00150060
1.00000000, 82.00000000, 0.00145517
1.00000000, 83.00000000, 0.00141178
1.00000000, 84.00000000, 0.00137029
1.00000000, 85.00000000, 0.00133061
1.00000000, 86.00000000, 0.00129263
1.00000000, 87.00000000, 0.00125625
1.00000000, 88.00000000, 0.00122138
1.00000000, 89.00000000, 0.00118795
1.00000000, 90.00000000, 0.00115587
1.00000000, 91.00000000, 0.00112507
1.00000000, 92.00000000, 0.00109549
1.00000000, 93.00000000, 0.00106706
1.00000000, 94.00000000, 0.00103972
1.00000000, 95.00000000, 0.00101341
1.00000000, 96.00000000, 0.00098810
1.00000000, 97.00000000, 0.00096372
1.00000000, 98.00000000, 0.00481523
1.00000000, 99.00000000, -0.00429172
2.00000000, 0.00000000, -0.00701633
2.00000000, 1.00000000, -0.00342665
2.00000000, 2.00000000, 0.00329699
2.00000000, 3.00000000, 0.01087028
2.00000000, 4.00000000, 0.01826755
2.00000000, 5.00000000, 0.02530529
2.00000000, 6.00000000, 0.03228979
2.00000000, 7.00000000, 0.04007683
2.00000000, 8.00000000, 0.05124160
2.00000000, 9.00000000, 0.06995712
2.00000000, 10.00000000, 0.06953444
2.00000000, 11.00000000, -0.01953247
2.00000000, 12.00000000, -0.06450354
2.00000000, 13.00000000, 0.11795341
2.00000000, 14.00000000, 0.43205757
2.00000000, 15.00000000, 0.70028428
2.00000000, 16.00000000, 0.83750808
2.00000000, 17.00000000, 0.84820534
2.00000000, 18.00000000, 0.77469416
2.00000000, 19.00000000, 0.66105924
2.00000000, 20.00000000, 0.53903628
2.00000000, 21.00000000, 0.42665959
2.00000000, 22.00000000, 0.33167639
2.00000000, 23.00000000, 0.25555956
2.00000000, 24.00000000, 0.19660737
2.00000000, 25.00000000, 0.15190962
2.00000000, 26.00000000, 0.11841883
2.00000000, 27.00000000, 0.09343910
2.00000000, 28.00000000, 0.07478396
2.00000000, 29.00000000, 0.06076979
2.00000000, 30.00000000, 0.05014189
2.00000000, 31.00000000, 0.04198442
2.00000000, 32.00000000, 0.03563690
2.00000000, 33.00000000, 0.03062576
2.00000000, 34.00000000, 0.02661168
2.00000000, 35.00000000, 0.02335064
2.00000000, 36.00000000, 0.02066603
2.00000000, 37.00000000, 0.01842877
2.00000000, 38.00000000, 0.01654352
2.00000000, 39.00000000, 0.01493894
2.00000000, 40.00000000, 0.01356096
2.00000000, 41.00000000, 0.01236806
2.00000000, 42.00000000, 0.01132794
2.00000000, 43.00000000, 0.01041516
2.00000000, 44.00000000, 0.00960945
2.00000000, 45.00000000, 0.00889448
2.00000000, 46.00000000, 0.00825697
2.00000000, 47.00000000, 0.00768601
2.00000000, 48.00000000, 0.00717258
2.00000000, 49.00000000, 0.00670914
2.00000000, 50.00000000, 0.00628936
2.00000000, 51.00000000, 0.00590791
2.00000000, 52.00000000, 0.00556023
2.00000000, 53.00000000, 0.00524243
2.00000000, 54.00000000, 0.00495118
2.00000000, 55.00000000, 0.00468358
2.00000000, 56.00000000, 0.00443714
2.00000000, 57.00000000, 0.00420968
2.00000000, 58.00000000, 0.00399930
2.00000000, 59.00000000, 0.00380431
2.00000000, 60.00000000, 0.00362326
2.00000000, 61.00000000, 0.00345485
2.00000000, 62.00000000, 0.00329792
2.00000000, 63.00000000, 0.00315145
2.00000000, 64.00000000, 0.00301454
2.00000000, 65.00000000, 0.00288636
2.00000000, 66.00000000, 0.00276619
2.00000000, 67.00000000, 0.00265337
2.00000000, 68.00000000, 0.00254732
2.00000000, 69.00000000, 0.00244751
2.00000000, 70.00000000, 0.00235345
2.00000000, 71.00000000, 0.00226472
2.00000000, 72.00000000, 0.00218091
2.00000000, 73.00000000, 0.00210167
2.00000000, 74.00000000, 0.00202667
2.00000000, 75.00000000, 0.00195561
2.00000000, 76.00000000, 0.00188823
2.00000000, 77.00000000, 0.00182428
2.00000000, 78.00000000, 0.00176351
2.00000000, 79.00000000, 0.00170574
2.00000000, 80.00000000, 0.00165076
2.00000000, 81.00000000, 0.00159839
2.00000000, 82.00000000, 0.00154848
2.00000000, 83.00000000, 0.00150087
2.00000000, 84.00000000, 0.00145542
2.00000000, 85.00000000, 0.00141201
2.00000000, 86.00000000, 0.00137051
2.00000000, 87.00000000, 0.00133081
2.00000000, 88.00000000, 0.00129281
2.00000000, 89.00000000, 0.00125642
2.00000000, 90.00000000, 0.00122154
2.00000000, 91.00000000, 0.00118810
2.00000000, 92.00000000, 0.00115601
2.00000000, 93.00000000, 0.00112520
2.00000000, 94.00000000, 0.00109561
2.00000000, 95.00000000, 0.00106717
2.00000000, 96.00000000, 0.00103982
2.00000000, 97.00000000, -0.00092399
2.00000000, 98.00000000, 0.00649910
2.00000000, 99.00000000, 0.00246600
3.00000000, 0.00000000, -0.00407000
3.00000000, 1.00000000, -0.00711015
3.00000000, 2.00000000, -0.00569322
3.00000000, 3.00000000, -0.00111011
3.00000000, 4.00000000, 0.00505985
3.00000000, 5.00000000, 0.01169032
3.00000000, 6.00000000, 0.01809654
3.00000000, 7.00000000, 0.02350430
3.00000000, 8.00000000, 0.02801519
3.00000000, 9.00000000, 0.04919749
3.00000000, 10.00000000, 0.10389942
3.00000000, 11.00000000, 0.06466901
3.00000000, 12.00000000, -0.09114573
3.00000000, 13.00000000, -0.14364824
3.00000000, 14.00000000, 0.01009131
3.00000000, 15.00000000, 0.28657589
3.00000000, 16.00000000, 0.55669336
3.00000000, 17.00000000, 0.73920494
3.00000000, 18.00000000, 0.81376701
3.00000000, 19.00000000, 0.79842460
3.00000000, 20.00000000, 0.72491879
3.00000000, 21.00000000, 0.62328079
3.00000000, 22.00000000, 0.51553701
3.00000000, 23.00000000, 0.41502438
3.00000000, 24.00000000, 0.32816475
3.00000000, 25.00000000, 0.25678258
3.00000000, 26.00000000, 0.20009057
3.00000000, 27.00000000, 0.15609240
3.00000000, 28.00000000, 0.12244527
3.00000000, 29.00000000, 0.09692148
3.00000000, 30.00000000, 0.07761042
3.00000000, 31.00000000, 0.06297118
3.00000000, 32.00000000, 0.05180960
3.00000000, 33.00000000, 0.04322473
3.00000000, 34.00000000, 0.03654872
3.00000000, 35.00000000, 0.03129199
3.00000000, 36.00000000, 0.02709764
3.00000000, 37.00000000, 0.02370583
3.00000000, 38.00000000, 0.02092697
3.00000000, 39.00000000, 0.01862195
3.00000000, 40.00000000, 0.01668790
3.00000000, 41.00000000, 0.01504804
3.00000000, 42.00000000, 0.01364438
3.00000000, 43.00000000, 0.01243262
3.00000000, 44.00000000, 0.01137852
3.00000000, 45.00000000, 0.01045526
3.00000000, 46.00000000, 0.00964159
3.00000000, 47.00000000, 0.00892052
3.00000000, 48.00000000, 0.00827827
3.00000000, 49.00000000, 0.00770359
3.00000000, 50.00000000, 0.00718720
3.00000000, 51.00000000, 0.00672140
3.00000000, 52.00000000, 0.00629971
3.00000000, 53.00000000, 0.00591670
3.00000000, 54.00000000, 0.00556774
3.00000000, 55.00000000, 0.00524888
3.00000000, 56.00000000, 0.00495674
3.00000000, 57.00000000, 0.00468841
3.00000000, 58.00000000, 0.00444134
3.00000000, 59.00000000, 0.00421335
3.00000000, 60.00000000, 0.00400252
3.00000000, 61.00000000, 0.00380715
3.00000000, 62.00000000, 0.00362577
3.00000000, 63.00000000, 0.00345707
3.00000000, 64.00000000, 0.00329989
3.00000000, 65.00000000, 0.00315321
3.00000000, 66.00000000, 0.00301611
3.00000000, 67.00000000, 0.00288776
3.00000000, 68.00000000, 0.00276745
3.00000000, 69.00000000, 0.00265451
3.00000000, 70.00000000, 0.00254835
3.00000000, 71.00000000, 0.00244844
3.00000000, 72.00000000, 0.00235429
3.00000000, 73.00000000, 0.00226548
3.00000000, 74.00000000, 0.00218160
3.00000000, 75.00000000, 0.00210230
3.00000000, 76.00000000, 0.00202724
3.00000000, 77.00000000, 0.00195614
3.00000000, 78.00000000, 0.00188871
3.00000000, 79.00000000, 0.00182472
3.00000000, 80.00000000, 0.00176392
3.00000000, 81.00000000, 0.00170611
3.00000000, 82.00000000, 0.00165110
3.00000000, 83.00000000, 0.00159871
3.00000000, 84.00000000, 0.00154877
3.00000000, 85.00000000, 0.00150114
3.00000000, 86.00000000, 0.00145567
3.00000000, 87.00000000, 0.00141224
3.00000000, 88.00000000, 0.00137072
3.00000000, 89.00000000, 0.00133101
3.00000000, 90.00000000, 0.00129300
3.00000000, 91.00000000, 0.00125659
3.00000000, 92.00000000, 0.00122171
3.00000000, 93.00000000, 0.00118825
3.00000000, 94.00000000, 0.00115615
3.00000000, 95.00000000, 0.00112533
3.00000000, 96.00000000, 0.00206448
3.00000000, 97.00000000, -0.00314129
3.00000000, 98.00000000, 0.00369545
3.00000000, 99.00000000, 0.00634872
4.00000000, 0.00000000, 0.00265943
4.00000000, 1.00000000, -0.00293382
4.00000000, 2.00000000, -0.00660508
4.00000000, 3.00000000, -0.00694257
4.00000000, 4.00000000, -0.00425660
4.00000000, 5.00000000, 0.00051375
4.00000000, 6.00000000, 0.00660126
4.00000000, 7.00000000, 0.01279734
4.00000000, 8.00000000, 0.00981511
4.00000000, 9.00000000, 0.00215534
4.00000000, 10.00000000, 0.07264259
4.00000000, 11.00000000, 0.14656317
4.00000000, 12.00000000, 0.05395997
4.00000000, 13.00000000, -0.12171391
4.00000000, 14.00000000, -0.19405359
4.00000000, 15.00000000, -0.08879759
4.00000000, 16.00000000, 0.14269210
4.00000000, 17.00000000, 0.40366749
4.00000000, 18.00000000, 0.61638845
4.00000000, 19.00000000, 0.74415943
4.00000000, 20.00000000, 0.78535811
4.00000000, 21.00000000, 0.75819134
4.00000000, 22.00000000, 0.68712049
4.00000000, 23.00000000, 0.59450225
4.00000000, 24.00000000, 0.49702458
4.00000000, 25.00000000, 0.40524959
4.00000000, 26.00000000, 0.32466917
4.00000000, 27.00000000, 0.25720435
4.00000000, 28.00000000, 0.20258671
4.00000000, 29.00000000, 0.15940962
4.00000000, 30.00000000, 0.12582964
4.00000000, 31.00000000, 0.09998120
4.00000000, 32.00000000, 0.08018784
4.00000000, 33.00000000, 0.06504429
4.00000000, 34.00000000, 0.05342487
4.00000000, 35.00000000, 0.04445561
4.00000000, 36.00000000, 0.03747252
4.00000000, 37.00000000, 0.03197861
4.00000000, 38.00000000, 0.02760530
4.00000000, 39.00000000, 0.02408064
4.00000000, 40.00000000, 0.02120420
4.00000000, 41.00000000, 0.01882795
4.00000000, 42.00000000, 0.01684204
4.00000000, 43.00000000, 0.01516439
4.00000000, 44.00000000, 0.01373309
4.00000000, 45.00000000, 0.01250100
4.00000000, 46.00000000, 0.01143184
4.00000000, 47.00000000, 0.01049730
4.00000000, 48.00000000, 0.00967513
4.00000000, 49.00000000, 0.00894755
4.00000000, 50.00000000, 0.00830028
4.00000000, 51.00000000, 0.00772168
4.00000000, 52.00000000, 0.00720220
4.00000000, 53.00000000, 0.00673393
4.00000000, 54.00000000, 0.00631026
4.00000000, 55.00000000, 0.00592564
4.00000000, 56.00000000, 0.00557536
4.00000000, 57.00000000, 0.00525541
4.00000000, 58.00000000, 0.00496237
4.00000000, 59.00000000, 0.00469328
4.00000000, 60.00000000, 0.00444558
4.00000000, 61.00000000, 0.00421705
4.00000000, 62.00000000, 0.00400576
4.00000000, 63.00000000, 0.00381000
4.00000000, 64.00000000, 0.00362829
4.00000000, 65.00000000, 0.00345930
4.00000000, 66.00000000, 0.00330187
4.00000000, 67.00000000, 0.00315498
4.00000000, 68.00000000, 0.00301768
4.00000000, 69.00000000, 0.00288918
4.00000000, 70.00000000, 0.00276872
4.00000000, 71.00000000, 0.00265565
4.00000000, 72.00000000, 0.00254938
4.00000000, 73.00000000, 0.00244937
4.00000000, 74.00000000, 0.00235513
4.00000000, 75.00000000, 0.00226624
4.00000000, 76.00000000, 0.00218229
4.00000000, 77.00000000, 0.00210293
4.00000000, 78.00000000, 0.00202782
4.00000000, 79.00000000, 0.00195667
4.00000000, 80.00000000, 0.00188920
4.00000000, 81.00000000, 0.00182516
4.00000000, 82.00000000, 0.00176433
4.00000000, 83.00000000, 0.00170649
4.00000000, 84.00000000, 0.00165145
4.00000000, 85.00000000, 0.00159903
4.00000000, 86.00000000, 0.00154907
4.00000000, 87.00000000, 0.00150141
4.00000000, 88.00000000, 0.00145592
4.00000000, 89.00000000, 0.00141247
4.00000000, 90.00000000, 0.00137094
4.00000000, 91.00000000, 0.00133121
4.00000000, 92.00000000, 0.00129319
4.00000000, 93.00000000, 0.00125677
4.00000000, 94.00000000, 0.00122187
4.00000000, 95.00000000, 0.00070403
4.00000000, 96.00000000, 0.00398714
4.00000000, 97.00000000, -0.00299545
4.00000000, 98.00000000, -0.00097663
4.00000000, 99.00000000, 0.00453069
5.00000000, 0.00000000, 0.00639169
5.00000000, 1.00000000, 0.00356456
5.00000000, 2.00000000, -0.00135151
5.00000000, 3.00000000, -0.00549003
5.00000000, 4.00000000, -0.00725849
5.00000000, 5.00000000, -0.00641612
5.00000000, 6.00000000, -0.00300547
5.00000000, 7.00000000, 0.00638705
5.00000000, 8.00000000, 0.01193097
5.00000000, 9.00000000, -0.02820047
5.00000000, 10.00000000, -0.01473924
5.00000000, 11.00000000, 0.11221357
5.00000000, 12.00000000, 0.17092371
5.00000000, 13.00000000, 0.06077474
5.00000000, 14.00000000, -0.11926743
5.00000000, 15.00000000, -0.21977735
5.00000000, 16.00000000, -0.16903032
5.00000000, 17.00000000, 0.01095810
5.00000000, 18.00000000, 0.24978778
5.00000000, 19.00000000, 0.47637427
5.00000000, 20.00000000, 0.64444957
5.00000000, 21.00000000, 0.73685588
5.00000000, 22.00000000, 0.75829731
5.00000000, 23.00000000, 0.72513861
5.00000000, 24.00000000, 0.65696910
5.00000000, 25.00000000, 0.57139955
5.00000000, 26.00000000, 0.48176677
5.00000000, 27.00000000, 0.39679438
5.00000000, 28.00000000, 0.32127909
5.00000000, 29.00000000, 0.25713434
5.00000000, 30.00000000, 0.20440621
5.00000000, 31.00000000, 0.16209038
5.00000000, 32.00000000, 0.12871089
5.00000000, 33.00000000, 0.10268730
5.00000000, 34.00000000, 0.08254071
5.00000000, 35.00000000, 0.06698970
5.00000000, 36.00000000, 0.05497807
5.00000000, 37.00000000, 0.04566499
5.00000000, 38.00000000, 0.03839747
5.00000000, 39.00000000, 0.03267728
5.00000000, 40.00000000, 0.02812887
5.00000000, 41.00000000, 0.02447137
5.00000000, 42.00000000, 0.02149553
5.00000000, 43.00000000, 0.01904561
5.00000000, 44.00000000, 0.01700539
5.00000000, 45.00000000, 0.01528778
5.00000000, 46.00000000, 0.01382707
5.00000000, 47.00000000, 0.01257328
5.00000000, 48.00000000, 0.01148799
5.00000000, 49.00000000, 0.01054141
5.00000000, 50.00000000, 0.00971014
5.00000000, 51.00000000, 0.00897565
5.00000000, 52.00000000, 0.00832306
5.00000000, 53.00000000, 0.00774033
5.00000000, 54.00000000, 0.00721761
5.00000000, 55.00000000, 0.00674677
5.00000000, 56.00000000, 0.00632104
5.00000000, 57.00000000, 0.00593475
5.00000000, 58.00000000, 0.00558311
5.00000000, 59.00000000, 0.00526204
5.00000000, 60.00000000, 0.00496808
5.00000000, 61.00000000, 0.00469821
5.00000000, 62.00000000, 0.00444987
5.00000000, 63.00000000, 0.00422079
5.00000000, 64.00000000, 0.00400903
5.00000000, 65.00000000, 0.00381288
5.00000000, 66.00000000, 0.00363083
5.00000000, 67.00000000, 0.00346155
5.00000000, 68.00000000, 0.00330387
5.00000000, 69.00000000, 0.00315675
5.00000000, 70.00000000, 0.00301927
5.00000000, 71.00000000, 0.00289060
5.00000000, 72.00000000, 0.00276999
5.00000000, 73.00000000, 0.00265680
5.00000000, 74.00000000, 0.00255041
5.00000000, 75.00000000, 0.00245030
5.00000000, 76.00000000, 0.00235598
5.00000000, 77.00000000, 0.00226701
5.00000000, 78.00000000, 0.00218299
5.00000000, 79.00000000, 0.00210356
5.00000000, 80.00000000, 0.00202840
5.00000000, 81.00000000, 0.00195720
5.00000000, 82.00000000, 0.00188968
5.00000000, 83.00000000, 0.00182560
5.00000000, 84.00000000, 0.00176473
5.00000000, 85.00000000, 0.00170686
5.00000000, 86.00000000, 0.00165179
5.00000000, 87.00000000, 0.00159934
5.00000000, 88.00000000, 0.00154936
5.00000000, 89.00000000, 0.00150168
5.00000000, 90.00000000, 0.00145617
5.00000000, 91.00000000, 0.00141271
5.00000000, 92.00000000, 0.00137115
5.00000000, 93.00000000, 0.00133141
5.00000000, 94.00000000, 0.00153556
5.00000000, 95.00000000, -0.00052177
5.00000000, 96.00000000, 0.00522398
5.00000000, 97.00000000, 0.00010486
5.00000000, 98.00000000, -0.00318955
5.00000000, 99.00000000, -0.00025993
6.00000000, 0.00000000, 0.00447944
6.00000000, 1.00000000, 0.00648004
6.00000000, 2.00000000, 0.00463352
6.00000000, 3.00000000, 0.00045598
6.00000000, 4.00000000, -0.00382244
6.00000000, 5.00000000, -0.00682461
6.00000000, 6.00000000, -0.00961129
6.00000000, 7.00000000, -0.00438408
6.00000000, 8.00000000, 0.02383916
6.00000000, 9.00000000, -0.00891127
6.00000000, 10.00000000, -0.07530166
6.00000000, 11.00000000, -0.01089912
6.00000000, 12.00000000, 0.13508678
6.00000000, 13.00000000, 0.18795185
6.00000000, 14.00000000, 0.08459717
6.00000000, 15.00000000, -0.09296360
6.00000000, 16.00000000, -0.22099117
6.00000000, 17.00000000, -0.22443137
6.00000000, 18.00000000, -0.10061504
6.00000000, 19.00000000, 0.10384196
6.00000000, 20.00000000, 0.32794261
6.00000000, 21.00000000, 0.52167854
6.00000000, 22.00000000, 0.65656727
6.00000000, 23.00000000, 0.72493770
6.00000000, 24.00000000, 0.73373817
6.00000000, 25.00000000, 0.69738525
6.00000000, 26.00000000, 0.63206221
6.00000000, 27.00000000, 0.55218594
6.00000000, 28.00000000, 0.46880489
6.00000000, 29.00000000, 0.38933368
6.00000000, 30.00000000, 0.31802786
6.00000000, 31.00000000, 0.25674887
6.00000000, 32.00000000, 0.20574168
6.00000000, 33.00000000, 0.16428778
6.00000000, 34.00000000, 0.13118975
6.00000000, 35.00000000, 0.10509554
6.00000000, 36.00000000, 0.08469334
6.00000000, 37.00000000, 0.06881293
6.00000000, 38.00000000, 0.05646530
6.00000000, 39.00000000, 0.04684549
6.00000000, 40.00000000, 0.03931593
6.00000000, 41.00000000, 0.03338156
6.00000000, 42.00000000, 0.02866351
6.00000000, 43.00000000, 0.02487467
6.00000000, 44.00000000, 0.02179883
6.00000000, 45.00000000, 0.01927366
6.00000000, 46.00000000, 0.01717727
6.00000000, 47.00000000, 0.01541791
6.00000000, 48.00000000, 0.01392624
6.00000000, 49.00000000, 0.01264946
6.00000000, 50.00000000, 0.01154704
6.00000000, 51.00000000, 0.01058764
6.00000000, 52.00000000, 0.00974672
6.00000000, 53.00000000, 0.00900489
6.00000000, 54.00000000, 0.00834667
6.00000000, 55.00000000, 0.00775958
6.00000000, 56.00000000, 0.00723345
6.00000000, 57.00000000, 0.00675992
6.00000000, 58.00000000, 0.00633204
6.00000000, 59.00000000, 0.00594403
6.00000000, 60.00000000, 0.00559098
6.00000000, 61.00000000, 0.00526877
6.00000000, 62.00000000, 0.00497386
6.00000000, 63.00000000, 0.00470320
6.00000000, 64.00000000, 0.00445420
6.00000000, 65.00000000, 0.00422456
6.00000000, 66.00000000, 0.00401234
6.00000000, 67.00000000, 0.00381578
6.00000000, 68.00000000, 0.00363338
6.00000000, 69.00000000, 0.00346381
6.00000000, 70.00000000, 0.00330588
6.00000000, 71.00000000, 0.00315854
6.00000000, 72.00000000, 0.00302086
6.00000000, 73.00000000, 0.00289202
6.00000000, 74.00000000, 0.00277127
6.00000000, 75.00000000, 0.00265795
6.00000000, 76.00000000, 0.00255145
6.00000000, 77.00000000, 0.00245124
6.00000000, 78.00000000, 0.00235683
6.00000000, 79.00000000, 0.00226778
6.00000000, 80.00000000, 0.00218369
6.00000000, 81.00000000, 0.00210420
6.00000000, 82.00000000, 0.00202898
6.00000000, 83.00000000, 0.00195773
6.00000000, 84.00000000, 0.00189017
6.00000000, 85.00000000, 0.00182605
6.00000000, 86.00000000, 0.00176514
6.00000000, 87.00000000, 0.00170724
6.00000000, 88.00000000, 0.00165214
6.00000000, 89.00000000, 0.00159966
6.00000000, 90.00000000, 0.00154965
6.00000000, 91.00000000, 0.00150195
6.00000000, 92.00000000, 0.00145643
6.00000000, 93.00000000, 0.00129184
6.00000000, 94.00000000, 0.00244237
6.00000000, 95.00000000, -0.00191257
6.00000000, 96.00000000, 0.00421526
6.00000000, 97.00000000, 0.00380727
6.00000000, 98.00000000, -0.00115595
6.00000000, 99.00000000, -0.00307763
7.00000000, 0.00000000, -0.00029939
7.00000000, 1.00000000, 0.00401358
7.00000000, 2.00000000, 0.00641232
7.00000000, 3.00000000, 0.00557336
7.00000000, 4.00000000, 0.00237655
7.00000000, 5.00000000, -0.00083069
7.00000000, 6.00000000, -0.00783460
7.00000000, 7.00000000, -0.02022096
7.00000000, 8.00000000, 0.01818432
7.00000000, 9.00000000, 0.03783171
7.00000000, 10.00000000, -0.05093624
7.00000000, 11.00000000, -0.10391063
7.00000000, 12.00000000, -0.01084446
7.00000000, 13.00000000, 0.14023104
7.00000000, 14.00000000, 0.20119449
7.00000000, 15.00000000, 0.11812923
7.00000000, 16.00000000, -0.04971087
7.00000000, 17.00000000, -0.19897929
7.00000000, 18.00000000, -0.25202567
7.00000000, 19.00000000, -0.18614218
7.00000000, 20.00000000, -0.02596774
7.00000000, 21.00000000, 0.18041103
7.00000000, 22.00000000, 0.38430393
7.00000000, 23.00000000, 0.55022058
7.00000000, 24.00000000, 0.66015583
7.00000000, 25.00000000, 0.71143207
7.00000000, 26.00000000, 0.71168527
7.00000000, 27.00000000, 0.67362613
7.00000000, 28.00000000, 0.61095111
7.00000000, 29.00000000, 0.53579530
7.00000000, 30.00000000, 0.45755108
7.00000000, 31.00000000, 0.38265357
7.00000000, 32.00000000, 0.31492457
7.00000000, 33.00000000, 0.25615519
7.00000000, 34.00000000, 0.20671958
7.00000000, 35.00000000, 0.16610866
7.00000000, 36.00000000, 0.13334121
7.00000000, 37.00000000, 0.10725088
7.00000000, 38.00000000, 0.08666799
7.00000000, 39.00000000, 0.07052152
7.00000000, 40.00000000, 0.05788591
7.00000000, 41.00000000, 0.04799276
7.00000000, 42.00000000, 0.04022256
7.00000000, 43.00000000, 0.03408653
7.00000000, 44.00000000, 0.02920527
7.00000000, 45.00000000, 0.02528766
7.00000000, 46.00000000, 0.02211214
7.00000000, 47.00000000, 0.01951086
7.00000000, 48.00000000, 0.01735695
7.00000000, 49.00000000, 0.01555441
7.00000000, 50.00000000, 0.01403043
7.00000000, 51.00000000, 0.01272950
7.00000000, 52.00000000, 0.01160902
7.00000000, 53.00000000, 0.01063606
7.00000000, 54.00000000, 0.00978491
7.00000000, 55.00000000, 0.00903531
7.00000000, 56.00000000, 0.00837115
7.00000000, 57.00000000, 0.00777947
7.00000000, 58.00000000, 0.00724977
7.00000000, 59.00000000, 0.00677342
7.00000000, 60.00000000, 0.00634331
7.00000000, 61.00000000, 0.00595350
7.00000000, 62.00000000, 0.00559900
7.00000000, 63.00000000, 0.00527561
7.00000000, 64.00000000, 0.00497972
7.00000000, 65.00000000, 0.00470825
7.00000000, 66.00000000, 0.00445857
7.00000000, 67.00000000, 0.00422838
7.00000000, 68.00000000, 0.00401567
7.00000000, 69.00000000, 0.00381870
7.00000000, 70.00000000, 0.00363596
7.00000000, 71.00000000, 0.00346609
7.00000000, 72.00000000, 0.00330790
7.00000000, 73.00000000, 0.00316033
7.00000000, 74.00000000, 0.00302247
7.00000000, 75.00000000, 0.00289346
7.00000000, 76.00000000, 0.00277256
7.00000000, 77.00000000, 0.00265910
7.00000000, 78.00000000, 0.00255249
7.00000000, 79.00000000, 0.00245218
7.00000000, 80.00000000, 0.00235768
7.00000000, 81.00000000, 0.00226855
7.00000000, 82.00000000, 0.00218439
7.00000000, 83.00000000, 0.00210484
7.00000000, 84.00000000, 0.00202956
7.00000000, 85.00000000, 0.00195826
7.00000000, 86.00000000, 0.00189065
7.00000000, 87.00000000, 0.00182650
7.00000000, 88.00000000, 0.00176555
7.00000000, 89.00000000, 0.00170761
7.00000000, 90.00000000, 0.00165248
7.00000000, 91.00000000, 0.00159998
7.00000000, 92.00000000, 0.00161050
7.00000000, 93.00000000, 0.00087591
7.00000000, 94.00000000, 0.00383661
7.00000000, 95.00000000, -0.00210190
7.00000000, 96.00000000, 0.00126068
7.00000000, 97.00000000, 0.00501558
7.00000000, 98.00000000, 0.00289065
7.00000000, 99.00000000, -0.00148261
8.00000000, 0.00000000, -0.00304748
8.00000000, 1.00000000, -0.00071632
8.00000000, 2.00000000, 0.00326748
8.00000000, 3.00000000, 0.00601883
8.00000000, 4.00000000, 0.00580130
8.00000000, 5.00000000, 0.00598726
8.00000000, 6.00000000, 0.00526952
8.00000000, 7.00000000, -0.02667836
8.00000000, 8.00000000, -0.01407072
8.00000000, 9.00000000, 0.05626447
8.00000000, 10.00000000, 0.02915131
8.00000000, 11.00000000, -0.08391274
8.00000000, 12.00000000, -0.12291635
8.00000000, 13.00000000, -0.02182438
8.00000000, 14.00000000, 0.13121768
8.00000000, 15.00000000, 0.20859351
8.00000000, 16.00000000, 0.15407553
8.00000000, 17.00000000, 0.00407131
8.00000000, 18.00000000, -0.15691893
8.00000000, 19.00000000, -0.25161777
8.00000000, 20.00000000, -0.24198214
8.00000000, 21.00000000, -0.13273201
8.00000000, 22.00000000, 0.04282764
8.00000000, 23.00000000, 0.24155648
8.00000000, 24.00000000, 0.42521804
8.00000000, 25.00000000, 0.56819845
8.00000000, 26.00000000, 0.65897143
8.00000000, 27.00000000, 0.69763629
8.00000000, 28.00000000, 0.69187160
8.00000000, 29.00000000, 0.65295557
8.00000000, 30.00000000, 0.59270208
8.00000000, 31.00000000, 0.52154232
8.00000000, 32.00000000, 0.44761814
8.00000000, 33.00000000, 0.37660447
8.00000000, 34.00000000, 0.31196748
8.00000000, 35.00000000, 0.25542179
8.00000000, 36.00000000, 0.20742666
8.00000000, 37.00000000, 0.16763022
8.00000000, 38.00000000, 0.13522234
8.00000000, 39.00000000, 0.10918974
8.00000000, 40.00000000, 0.08848440
8.00000000, 41.00000000, 0.07212369
8.00000000, 42.00000000, 0.05924113
8.00000000, 43.00000000, 0.04910446
8.00000000, 44.00000000, 0.04111367
8.00000000, 45.00000000, 0.03478843
8.00000000, 46.00000000, 0.02975092
8.00000000, 47.00000000, 0.02570785
8.00000000, 48.00000000, 0.02243367
8.00000000, 49.00000000, 0.01975603
8.00000000, 50.00000000, 0.01754369
8.00000000, 51.00000000, 0.01569683
8.00000000, 52.00000000, 0.01413941
8.00000000, 53.00000000, 0.01281331
8.00000000, 54.00000000, 0.01167391
8.00000000, 55.00000000, 0.01068669
8.00000000, 56.00000000, 0.00982476
8.00000000, 57.00000000, 0.00906697
8.00000000, 58.00000000, 0.00839654
8.00000000, 59.00000000, 0.00780004
8.00000000, 60.00000000, 0.00726658
8.00000000, 61.00000000, 0.00678728
8.00000000, 62.00000000, 0.00635484
8.00000000, 63.00000000, 0.00596317
8.00000000, 64.00000000, 0.00560717
8.00000000, 65.00000000, 0.00528255
8.00000000, 66.00000000, 0.00498566
8.00000000, 67.00000000, 0.00471337
8.00000000, 68.00000000, 0.00446300
8.00000000, 69.00000000, 0.00423223
8.00000000, 70.00000000, 0.00401903
8.00000000, 71.00000000, 0.00382165
8.00000000, 72.00000000, 0.00363855
8.00000000, 73.00000000, 0.00346838
8.00000000, 74.00000000, 0.00330993
8.00000000, 75.00000000, 0.00316214
8.00000000, 76.00000000, 0.00302408
8.00000000, 77.00000000, 0.00289490
8.00000000, 78.00000000, 0.00277385
8.00000000, 79.00000000, 0.00266026
8.00000000, 80.00000000, 0.00255354
8.00000000, 81.00000000, 0.00245312
8.00000000, 82.00000000, 0.00235853
8.00000000, 83.00000000, 0.00226933
8.00000000, 84.00000000, 0.00218510
8.00000000, 85.00000000, 0.00210548
8.00000000, 86.00000000, 0.00203015
8.00000000, 87.00000000, 0.00195879
8.00000000, 88.00000000, 0.00189114
8.00000000, 89.00000000, 0.00182694
8.00000000, 90.00000000, 0.00176596
8.00000000, 91.00000000, 0.00167772
8.00000000, 92.00000000, 0.00201140
8.00000000, 93.00000000, -0.00003669
8.00000000, 94.00000000, 0.00486921
8.00000000, 95.00000000, -0.00029764
8.00000000, 96.00000000, -0.00139593
8.00000000, 97.00000000, 0.00287229
8.00000000, 98.00000000, 0.00506810
8.00000000, 99.00000000, 0.00257519
9.00000000, 0.00000000, -0.00140173
9.00000000, 1.00000000, -0.00305092
9.00000000, 2.00000000, -0.00126739
9.00000000, 3.00000000, 0.00248448
9.00000000, 4.00000000, 0.00404991
9.00000000, 5.00000000, 0.00537746
9.00000000, 6.00000000, 0.02129743
9.00000000, 7.00000000, -0.00899429
9.00000000, 8.00000000, -0.04670010
9.00000000, 9.00000000, 0.01833877
9.00000000, 10.00000000, 0.08027707
9.00000000, 11.00000000, 0.01768396
9.00000000, 12.00000000, -0.10316217
9.00000000, 13.00000000, -0.13901431
9.00000000, 14.00000000, -0.04258623
9.00000000, 15.00000000, 0.11026263
9.00000000, 16.00000000, 0.20717119
9.00000000, 17.00000000, 0.18611636
9.00000000, 18.00000000, 0.06194814
9.00000000, 19.00000000, -0.09965263
9.00000000, 20.00000000, -0.22544245
9.00000000, 21.00000000, -0.26686705
9.00000000, 22.00000000, -0.21138413
9.00000000, 23.00000000, -0.07674460
9.00000000, 24.00000000, 0.10274652
9.00000000, 25.00000000, 0.29008600
9.00000000, 26.00000000, 0.45519628
9.00000000, 27.00000000, 0.57929863
9.00000000, 28.00000000, 0.65504314
9.00000000, 29.00000000, 0.68412610
9.00000000, 30.00000000, 0.67399396
9.00000000, 31.00000000, 0.63473023
9.00000000, 32.00000000, 0.57668102
9.00000000, 33.00000000, 0.50896124
9.00000000, 34.00000000, 0.43873720
9.00000000, 35.00000000, 0.37107706
9.00000000, 36.00000000, 0.30915009
9.00000000, 37.00000000, 0.25459409
9.00000000, 38.00000000, 0.20792452
9.00000000, 39.00000000, 0.16890980
9.00000000, 40.00000000, 0.13687746
9.00000000, 41.00000000, 0.11094185
9.00000000, 42.00000000, 0.09015982
9.00000000, 43.00000000, 0.07362754
9.00000000, 44.00000000, 0.06053323
9.00000000, 45.00000000, 0.05017958
9.00000000, 46.00000000, 0.04198679
9.00000000, 47.00000000, 0.03548441
9.00000000, 48.00000000, 0.03029786
9.00000000, 49.00000000, 0.02613311
9.00000000, 50.00000000, 0.02276183
9.00000000, 51.00000000, 0.02000804
9.00000000, 52.00000000, 0.01773677
9.00000000, 53.00000000, 0.01584474
9.00000000, 54.00000000, 0.01425294
9.00000000, 55.00000000, 0.01290078
9.00000000, 56.00000000, 0.01174167
9.00000000, 57.00000000, 0.01073953
9.00000000, 58.00000000, 0.00986629
9.00000000, 59.00000000, 0.00909989
9.00000000, 60.00000000, 0.00842288
9.00000000, 61.00000000, 0.00782130
9.00000000, 62.00000000, 0.00728391
9.00000000, 63.00000000, 0.00680154
9.00000000, 64.00000000, 0.00636666
9.00000000, 65.00000000, 0.00597306
9.00000000, 66.00000000, 0.00561550
9.00000000, 67.00000000, 0.00528962
9.00000000, 68.00000000, 0.00499170
9.00000000, 69.00000000, 0.00471856
9.00000000, 70.00000000, 0.00446748
9.00000000, 71.00000000, 0.00423612
9.00000000, 72.00000000, 0.00402242
9.00000000, 73.00000000, 0.00382463
9.00000000, 74.00000000, 0.00364117
9.00000000, 75.00000000, 0.00347069
9.00000000, 76.00000000, 0.00331197
9.00000000, 77.00000000, 0.00316396
9.00000000, 78.00000000, 0.00302570
9.00000000, 79.00000000, 0.00289634
9.00000000, 80.00000000, 0.00277515
9.00000000, 81.00000000, 0.00266143
9.00000000, 82.00000000, 0.00255459
9.00000000, 83.00000000, 0.00245407
9.00000000, 84.00000000, 0.00235939
9.00000000, 85.00000000, 0.00227010
9.00000000, 86.00000000, 0.00218580
9.00000000, 87.00000000, 0.00210612
9.00000000, 88.00000000, 0.00203073
9.00000000, 89.00000000, 0.00195933
9.00000000, 90.00000000, 0.00190677
9.00000000, 91.00000000, 0.00162540
9.00000000, 92.00000000, 0.00284245
9.00000000, 93.00000000, -0.00105008
9.00000000, 94.00000000, 0.00449299
9.00000000, 95.00000000, 0.00264682
9.00000000, 96.00000000, -0.00150866
9.00000000, 97.00000000, -0.00041609
9.00000000, 98.00000000, 0.00357246
9.00000000, 99.00000000, 0.00506228
10.00000000, 0.00000000, 0.00265487
10.00000000, 1.00000000, -0.00108979
10.00000000, 2.00000000, -0.00305453
10.00000000, 3.00000000, -0.00106774
10.00000000, 4.00000000, 0.00082731
10.00000000, 5.00000000, -0.00485760
10.00000000, 6.00000000, 0.02336577
10.00000000, 7.00000000, 0.02603865
10.00000000, 8.00000000, -0.04285016
10.00000000, 9.00000000, -0.04322485
10.00000000, 10.00000000, 0.04982266
10.00000000, 11.00000000, 0.09417638
10.00000000, 12.00000000, 0.01343317
10.00000000, 13.00000000, -0.11100461
10.00000000, 14.00000000, -0.15321985
10.00000000, 15.00000000, -0.06993289
10.00000000, 16.00000000, 0.07914656
10.00000000, 17.00000000, 0.19471557
10.00000000, 18.00000000, 0.20913224
10.00000000, 19.00000000, 0.11763472
10.00000000, 20.00000000, -0.03319157
10.00000000, 21.00000000, -0.17777077
10.00000000, 22.00000000, -0.26189721
10.00000000, 23.00000000, -0.25906647
10.00000000, 24.00000000, -0.17182972
10.00000000, 25.00000000, -0.02342700
10.00000000, 26.00000000, 0.15383347
10.00000000, 27.00000000, 0.32869380
10.00000000, 28.00000000, 0.47732698
10.00000000, 29.00000000, 0.58579261
10.00000000, 30.00000000, 0.64952515
10.00000000, 31.00000000, 0.67115230
10.00000000, 32.00000000, 0.65777655
10.00000000, 33.00000000, 0.61848091
10.00000000, 34.00000000, 0.56243913
10.00000000, 35.00000000, 0.49772158
10.00000000, 36.00000000, 0.43071383
10.00000000, 37.00000000, 0.36598875
10.00000000, 38.00000000, 0.30646399
10.00000000, 39.00000000, 0.25370307
10.00000000, 40.00000000, 0.20825807
10.00000000, 41.00000000, 0.16999097
10.00000000, 42.00000000, 0.13834154
10.00000000, 43.00000000, 0.11253170
10.00000000, 44.00000000, 0.09170929
10.00000000, 45.00000000, 0.07504083
10.00000000, 46.00000000, 0.06176500
10.00000000, 47.00000000, 0.05121798
10.00000000, 48.00000000, 0.04284029
10.00000000, 49.00000000, 0.03617234
10.00000000, 50.00000000, 0.03084398
10.00000000, 51.00000000, 0.02656165
10.00000000, 52.00000000, 0.02309523
10.00000000, 53.00000000, 0.02026589
10.00000000, 54.00000000, 0.01793549
10.00000000, 55.00000000, 0.01599769
10.00000000, 56.00000000, 0.01437075
10.00000000, 57.00000000, 0.01299176
10.00000000, 58.00000000, 0.01181222
10.00000000, 59.00000000, 0.01079456
10.00000000, 60.00000000, 0.00990951
10.00000000, 61.00000000, 0.00913411
10.00000000, 62.00000000, 0.00845019
10.00000000, 63.00000000, 0.00784330
10.00000000, 64.00000000, 0.00730179
10.00000000, 65.00000000, 0.00681620
10.00000000, 66.00000000, 0.00637879
10.00000000, 67.00000000, 0.00598317
10.00000000, 68.00000000, 0.00562400
10.00000000, 69.00000000, 0.00529682
10.00000000, 70.00000000, 0.00499784
10.00000000, 71.00000000, 0.00472382
10.00000000, 72.00000000, 0.00447202
10.00000000, 73.00000000, 0.00424005
10.00000000, 74.00000000, 0.00402585
10.00000000, 75.00000000, 0.00382763
10.00000000, 76.00000000, 0.00364381
10.00000000, 77.00000000, 0.00347301
10.00000000, 78.00000000, 0.00331403
10.00000000, 79.00000000, 0.00316579
10.00000000, 80.00000000, 0.00302732
10.00000000, 81.00000000, 0.00289780
10.00000000, 82.00000000, 0.00277645
10.00000000, 83.00000000, 0.00266260
10.00000000, 84.00000000, 0.00255564
10.00000000, 85.00000000, 0.00245502
10.00000000, 86.00000000, 0.00236025
10.00000000, 87.00000000, 0.00227088
10.00000000, 88.00000000, 0.00218651
10.00000000, 89.00000000, 0.00209920
10.00000000, 90.00000000, 0.00214367
10.00000000, 91.00000000, 0.00127601
10.00000000, 92.00000000, 0.00400549
10.00000000, 93.00000000, -0.00129383
10.00000000, 94.00000000, 0.00252267
10.00000000, 95.00000000, 0.00466249
10.00000000, 96.00000000, 0.00103063
10.00000000, 97.00000000, -0.00168701
10.00000000, 98.00000000, 0.00019782
10.00000000, 99.00000000, 0.00383375
11.00000000, 0.00000000, 0.00511665
11.00000000, 1.00000000, 0.00299580
11.00000000, 2.00000000, -0.00102276
11.00000000, 3.00000000, -0.00199278
11.00000000, 4.00000000, 0.00225972
11.00000000, 5.00000000, -0.01541062
11.00000000, 6.00000000, 0.00264114
11.00000000, 7.00000000, 0.04878430
11.00000000, 8.00000000, 0.00315441
11.00000000, 9.00000000, -0.06655897
11.00000000, 10.00000000, -0.03054501
11.00000000, 11.00000000, 0.07218729
11.00000000, 12.00000000, 0.10502912
11.00000000, 13.00000000, 0.01811987
11.00000000, 14.00000000, -0.10919347
11.00000000, 15.00000000, -0.16410290
11.00000000, 16.00000000, -0.10026268
11.00000000, 17.00000000, 0.04001812
11.00000000, 18.00000000, 0.17032394
11.00000000, 19.00000000, 0.21939247
11.00000000, 20.00000000, 0.16539006
11.00000000, 21.00000000, 0.03587286
11.00000000, 22.00000000, -0.11442755
11.00000000, 23.00000000, -0.23036538
11.00000000, 24.00000000, -0.27529891
11.00000000, 25.00000000, -0.23799319
11.00000000, 26.00000000, -0.12951003
11.00000000, 27.00000000, 0.02527529
11.00000000, 28.00000000, 0.19706833
11.00000000, 29.00000000, 0.35956420
11.00000000, 30.00000000, 0.49373110
11.00000000, 31.00000000, 0.58912957
11.00000000, 32.00000000, 0.64310088
11.00000000, 33.00000000, 0.65881179
11.00000000, 34.00000000, 0.64298423
11.00000000, 35.00000000, 0.60385678
11.00000000, 36.00000000, 0.54964785
11.00000000, 37.00000000, 0.48758068
11.00000000, 38.00000000, 0.42340280
11.00000000, 39.00000000, 0.36127543
11.00000000, 40.00000000, 0.30390030
11.00000000, 41.00000000, 0.25277035
11.00000000, 42.00000000, 0.20846086
11.00000000, 43.00000000, 0.17090749
11.00000000, 44.00000000, 0.13964261
11.00000000, 45.00000000, 0.11397964
11.00000000, 46.00000000, 0.09314583
11.00000000, 47.00000000, 0.07637075
11.00000000, 48.00000000, 0.06293950
11.00000000, 49.00000000, 0.05222010
11.00000000, 50.00000000, 0.04367321
11.00000000, 51.00000000, 0.03685064
11.00000000, 52.00000000, 0.03138760
11.00000000, 53.00000000, 0.02699194
11.00000000, 54.00000000, 0.02343262
11.00000000, 55.00000000, 0.02052863
11.00000000, 56.00000000, 0.01813918
11.00000000, 57.00000000, 0.01615524
11.00000000, 58.00000000, 0.01449256
11.00000000, 59.00000000, 0.01308609
11.00000000, 60.00000000, 0.01188550
11.00000000, 61.00000000, 0.01085176
11.00000000, 62.00000000, 0.00995442
11.00000000, 63.00000000, 0.00916962
11.00000000, 64.00000000, 0.00847850
11.00000000, 65.00000000, 0.00786605
11.00000000, 66.00000000, 0.00732023
11.00000000, 67.00000000, 0.00683128
11.00000000, 68.00000000, 0.00639124
11.00000000, 69.00000000, 0.00599352
11.00000000, 70.00000000, 0.00563268
11.00000000, 71.00000000, 0.00530415
11.00000000, 72.00000000, 0.00500407
11.00000000, 73.00000000, 0.00472916
11.00000000, 74.00000000, 0.00447662
11.00000000, 75.00000000, 0.00424403
11.00000000, 76.00000000, 0.00402932
11.00000000, 77.00000000, 0.00383066
11.00000000, 78.00000000, 0.00364647
11.00000000, 79.00000000, 0.00347536
11.00000000, 80.00000000, 0.00331610
11.00000000, 81.00000000, 0.00316763
11.00000000, 82.00000000, 0.00302896
11.00000000, 83.00000000, 0.00289926
11.00000000, 84.00000000, 0.00277776
11.00000000, 85.00000000, 0.00266378
11.00000000, 86.00000000, 0.00255670
11.00000000, 87.00000000, 0.00245598
11.00000000, 88.00000000, 0.00236490
11.00000000, 89.00000000, 0.00220981
11.00000000, 90.00000000, 0.00261057
11.00000000, 91.00000000, 0.00057855
11.00000000, 92.00000000, 0.00494168
11.00000000, 93.00000000, -0.00008432
11.00000000, 94.00000000, 0.00014926
11.00000000, 95.00000000, 0.00422181
11.00000000, 96.00000000, 0.00398503
11.00000000, 97.00000000, 0.00020660
11.00000000, 98.00000000, -0.00161576
11.00000000, 99.00000000, 0.00046755
12.00000000, 0.00000000, 0.00385252
12.00000000, 1.00000000, 0.00543344
12.00000000, 2.00000000, 0.00269035
12.00000000, 3.00000000, -0.00177746
12.00000000, 4.00000000, 0.00907630
12.00000000, 5.00000000, -0.01219304
12.00000000, 6.00000000, -0.02784753
12.00000000, 7.00000000, 0.03328333
12.00000000, 8.00000000, 0.05307556
12.00000000, 9.00000000, -0.02474868
12.00000000, 10.00000000, -0.07901300
12.00000000, 11.00000000, -0.01983377
12.00000000, 12.00000000, 0.08605230
12.00000000, 13.00000000, 0.11574276
12.00000000, 14.00000000, 0.03072936
12.00000000, 15.00000000, -0.09860689
12.00000000, 16.00000000, -0.16957518
12.00000000, 17.00000000, -0.12993144
12.00000000, 18.00000000, -0.00433802
12.00000000, 19.00000000, 0.13452843
12.00000000, 20.00000000, 0.21471784
12.00000000, 21.00000000, 0.20044556
12.00000000, 22.00000000, 0.10097792
12.00000000, 23.00000000, -0.04222697
12.00000000, 24.00000000, -0.17741580
12.00000000, 25.00000000, -0.26194608
12.00000000, 26.00000000, -0.27312071
12.00000000, 27.00000000, -0.20981923
12.00000000, 28.00000000, -0.08762339
12.00000000, 29.00000000, 0.06888695
12.00000000, 30.00000000, 0.23360979
12.00000000, 31.00000000, 0.38438403
12.00000000, 32.00000000, 0.50588700
12.00000000, 33.00000000, 0.59026317
12.00000000, 34.00000000, 0.63618743
12.00000000, 35.00000000, 0.64712657
12.00000000, 36.00000000, 0.62942080
12.00000000, 37.00000000, 0.59058968
12.00000000, 38.00000000, 0.53805992
12.00000000, 39.00000000, 0.47835524
12.00000000, 40.00000000, 0.41669275
12.00000000, 41.00000000, 0.35688629
12.00000000, 42.00000000, 0.30145027
12.00000000, 43.00000000, 0.25181131
12.00000000, 44.00000000, 0.20855845
12.00000000, 45.00000000, 0.17168595
12.00000000, 46.00000000, 0.14080343
12.00000000, 47.00000000, 0.11530271
12.00000000, 48.00000000, 0.09448080
12.00000000, 49.00000000, 0.07762390
12.00000000, 50.00000000, 0.06405984
12.00000000, 51.00000000, 0.05318676
12.00000000, 52.00000000, 0.04448501
12.00000000, 53.00000000, 0.03751814
12.00000000, 54.00000000, 0.03192737
12.00000000, 55.00000000, 0.02742272
12.00000000, 56.00000000, 0.02377292
12.00000000, 57.00000000, 0.02079542
12.00000000, 58.00000000, 0.01834723
12.00000000, 59.00000000, 0.01631695
12.00000000, 60.00000000, 0.01461810
12.00000000, 61.00000000, 0.01318360
12.00000000, 62.00000000, 0.01196141
12.00000000, 63.00000000, 0.01091108
12.00000000, 64.00000000, 0.01000101
12.00000000, 65.00000000, 0.00920644
12.00000000, 66.00000000, 0.00850781
12.00000000, 67.00000000, 0.00788957
12.00000000, 68.00000000, 0.00733926
12.00000000, 69.00000000, 0.00684681
12.00000000, 70.00000000, 0.00640401
12.00000000, 71.00000000, 0.00600412
12.00000000, 72.00000000, 0.00564155
12.00000000, 73.00000000, 0.00531163
12.00000000, 74.00000000, 0.00501042
12.00000000, 75.00000000, 0.00473458
12.00000000, 76.00000000, 0.00448128
12.00000000, 77.00000000, 0.00424806
12.00000000, 78.00000000, 0.00403282
12.00000000, 79.00000000, 0.00383371
12.00000000, 80.00000000, 0.00364915
12.00000000, 81.00000000, 0.00347772
12.00000000, 82.00000000, 0.00331819
12.00000000, 83.00000000, 0.00316948
12.00000000, 84.00000000, 0.00303061
12.00000000, 85.00000000, 0.00290073
12.00000000, 86.00000000, 0.00277908
12.00000000, 87.00000000, 0.00266306
12.00000000, 88.00000000, 0.00259152
12.00000000, 89.00000000, 0.00220029
12.00000000, 90.00000000, 0.00342144
12.00000000, 91.00000000, -0.00018157
12.00000000, 92.00000000, 0.00489305
12.00000000, 93.00000000, 0.00228758
12.00000000, 94.00000000, -0.00081785
12.00000000, 95.00000000, 0.00182036
12.00000000, 96.00000000, 0.00479192
12.00000000, 97.00000000, 0.00341044
12.00000000, 98.00000000, -0.00014432
12.00000000, 99.00000000, -0.00153087
13.00000000, 0.00000000, 0.00037037
13.00000000, 1.00000000, 0.00427345
13.00000000, 2.00000000, 0.00571580
13.00000000, 3.00000000, -0.00345771
13.00000000, 4.00000000, 0.01344397
13.00000000, 5.00000000, 0.00845271
13.00000000, 6.00000000, -0.04026284
13.00000000, 7.00000000, -0.01338587
13.00000000, 8.00000000, 0.05875697
13.00000000, 9.00000000, 0.04413630
13.00000000, 10.00000000, -0.04702796
13.00000000, 11.00000000, -0.08637391
13.00000000, 12.00000000, -0.01500603
13.00000000, 13.00000000, 0.09287506
13.00000000, 14.00000000, 0.12647033
13.00000000, 15.00000000, 0.04941587
13.00000000, 16.00000000, -0.07990152
13.00000000, 17.00000000, -0.16771319
13.00000000, 18.00000000, -0.15545883
13.00000000, 19.00000000, -0.05055990
13.00000000, 20.00000000, 0.08921511
13.00000000, 21.00000000, 0.19456415
13.00000000, 22.00000000, 0.21937348
13.00000000, 23.00000000, 0.15616767
13.00000000, 24.00000000, 0.03164108
13.00000000, 25.00000000, -0.10956518
13.00000000, 26.00000000, -0.22299369
13.00000000, 27.00000000, -0.27750438
13.00000000, 28.00000000, -0.26081905
13.00000000, 29.00000000, -0.17832747
13.00000000, 30.00000000, -0.04774596
13.00000000, 31.00000000, 0.10756755
13.00000000, 32.00000000, 0.26453919
13.00000000, 33.00000000, 0.40443905
13.00000000, 34.00000000, 0.51484367
13.00000000, 35.00000000, 0.58983801
13.00000000, 36.00000000, 0.62904496
13.00000000, 37.00000000, 0.63608220
13.00000000, 38.00000000, 0.61692340
13.00000000, 39.00000000, 0.57847057
13.00000000, 40.00000000, 0.52748489
13.00000000, 41.00000000, 0.46990360
13.00000000, 42.00000000, 0.41049641
13.00000000, 43.00000000, 0.35278029
13.00000000, 44.00000000, 0.29910562
13.00000000, 45.00000000, 0.25083705
13.00000000, 46.00000000, 0.20857059
13.00000000, 47.00000000, 0.17234761
13.00000000, 48.00000000, 0.14184266
13.00000000, 49.00000000, 0.11651531
13.00000000, 50.00000000, 0.09572411
13.00000000, 51.00000000, 0.07880631
13.00000000, 52.00000000, 0.06512909
13.00000000, 53.00000000, 0.05411900
13.00000000, 54.00000000, 0.04527551
13.00000000, 55.00000000, 0.03817402
13.00000000, 56.00000000, 0.03246222
13.00000000, 57.00000000, 0.02785292
13.00000000, 58.00000000, 0.02411521
13.00000000, 59.00000000, 0.02106551
13.00000000, 60.00000000, 0.01855905
13.00000000, 61.00000000, 0.01648242
13.00000000, 62.00000000, 0.01474708
13.00000000, 63.00000000, 0.01328411
13.00000000, 64.00000000, 0.01203985
13.00000000, 65.00000000, 0.01097246
13.00000000, 66.00000000, 0.01004925
13.00000000, 67.00000000, 0.00924457
13.00000000, 68.00000000, 0.00853814
13.00000000, 69.00000000, 0.00791387
13.00000000, 70.00000000, 0.00735889
13.00000000, 71.00000000, 0.00686279
13.00000000, 72.00000000, 0.00641713
13.00000000, 73.00000000, 0.00601499
13.00000000, 74.00000000, 0.00565062
13.00000000, 75.00000000, 0.00531925
13.00000000, 76.00000000, 0.00501688
13.00000000, 77.00000000, 0.00474009
13.00000000, 78.00000000, 0.00448601
13.00000000, 79.00000000, 0.00425215
13.00000000, 80.00000000, 0.00403636
13.00000000, 81.00000000, 0.00383680
13.00000000, 82.00000000, 0.00365185
13.00000000, 83.00000000, 0.00348010
13.00000000, 84.00000000, 0.00332029
13.00000000, 85.00000000, 0.00317134
13.00000000, 86.00000000, 0.00303321
13.00000000, 87.00000000, 0.00288391
13.00000000, 88.00000000, 0.00293333
13.00000000, 89.00000000, 0.00195624
13.00000000, 90.00000000, 0.00449034
13.00000000, 91.00000000, -0.00038293
13.00000000, 92.00000000, 0.00355780
13.00000000, 93.00000000, 0.00447540
13.00000000, 94.00000000, 0.00050967
13.00000000, 95.00000000, -0.00032076
13.00000000, 96.00000000, 0.00292632
13.00000000, 97.00000000, 0.00494575
13.00000000, 98.00000000, 0.00309400
13.00000000, 99.00000000, -0.00016906
14.00000000, 0.00000000, -0.00185088
14.00000000, 1.00000000, 0.00049011
14.00000000, 2.00000000, 0.00768971
14.00000000, 3.00000000, -0.00633484
14.00000000, 4.00000000, 0.00605019
14.00000000, 5.00000000, 0.03160922
14.00000000, 6.00000000, -0.01776529
14.00000000, 7.00000000, -0.05164700
14.00000000, 8.00000000, 0.01086531
14.00000000, 9.00000000, 0.07308294
14.00000000, 10.00000000, 0.03270046
14.00000000, 11.00000000, -0.06252066
14.00000000, 12.00000000, -0.09270389
14.00000000, 13.00000000, -0.01671205
14.00000000, 14.00000000, 0.09340637
14.00000000, 15.00000000, 0.13606982
14.00000000, 16.00000000, 0.07198998
14.00000000, 17.00000000, -0.05398879
14.00000000, 18.00000000, -0.15717327
14.00000000, 19.00000000, -0.17375410
14.00000000, 20.00000000, -0.09494401
14.00000000, 21.00000000, 0.03740541
14.00000000, 22.00000000, 0.15999235
14.00000000, 23.00000000, 0.22034331
14.00000000, 24.00000000, 0.19659532
14.00000000, 25.00000000, 0.10022932
14.00000000, 26.00000000, -0.03412684
14.00000000, 27.00000000, -0.16415827
14.00000000, 28.00000000, -0.25373445
14.00000000, 29.00000000, -0.28132171
14.00000000, 30.00000000, -0.24219059
14.00000000, 31.00000000, -0.14579734
14.00000000, 32.00000000, -0.01057901
14.00000000, 33.00000000, 0.14172772
14.00000000, 34.00000000, 0.29078852
14.00000000, 35.00000000, 0.42070979
14.00000000, 36.00000000, 0.52135876
14.00000000, 37.00000000, 0.58829988
14.00000000, 38.00000000, 0.62183805
14.00000000, 39.00000000, 0.62564715
14.00000000, 40.00000000, 0.60535666
14.00000000, 41.00000000, 0.56733373
14.00000000, 42.00000000, 0.51777313
14.00000000, 43.00000000, 0.46211404
14.00000000, 44.00000000, 0.40474412
14.00000000, 45.00000000, 0.34892381
14.00000000, 46.00000000, 0.29685869
14.00000000, 47.00000000, 0.24985563
14.00000000, 48.00000000, 0.20851282
14.00000000, 49.00000000, 0.17290966
14.00000000, 50.00000000, 0.14277579
14.00000000, 51.00000000, 0.11762966
14.00000000, 52.00000000, 0.09688442
14.00000000, 53.00000000, 0.07992345
14.00000000, 54.00000000, 0.06615023
14.00000000, 55.00000000, 0.05501802
14.00000000, 56.00000000, 0.04604477
14.00000000, 57.00000000, 0.03881770
14.00000000, 58.00000000, 0.03299131
14.00000000, 59.00000000, 0.02828163
14.00000000, 60.00000000, 0.02445866
14.00000000, 61.00000000, 0.02133821
14.00000000, 62.00000000, 0.01877413
14.00000000, 63.00000000, 0.01665125
14.00000000, 64.00000000, 0.01487924
14.00000000, 65.00000000, 0.01338745
14.00000000, 66.00000000, 0.01212070
14.00000000, 67.00000000, 0.01103585
14.00000000, 68.00000000, 0.01009913
14.00000000, 69.00000000, 0.00928399
14.00000000, 70.00000000, 0.00856949
14.00000000, 71.00000000, 0.00793897
14.00000000, 72.00000000, 0.00737912
14.00000000, 73.00000000, 0.00687924
14.00000000, 74.00000000, 0.00643061
14.00000000, 75.00000000, 0.00602612
14.00000000, 76.00000000, 0.00565989
14.00000000, 77.00000000, 0.00532703
14.00000000, 78.00000000, 0.00502345
14.00000000, 79.00000000, 0.00474569
14.00000000, 80.00000000, 0.00449081
14.00000000, 81.00000000, 0.00425628
14.00000000, 82.00000000, 0.00403994
14.00000000, 83.00000000, 0.00383992
14.00000000, 84.00000000, 0.00365459
14.00000000, 85.00000000, 0.00348203
14.00000000, 86.00000000, 0.00333227
14.00000000, 87.00000000, 0.00308338
14.00000000, 88.00000000, 0.00349690
14.00000000, 89.00000000, 0.00145952
14.00000000, 90.00000000, 0.00541157
14.00000000, 91.00000000, 0.00054396
14.00000000, 92.00000000, 0.00159208
14.00000000, 93.00000000, 0.00501661
14.00000000, 94.00000000, 0.00317835
14.00000000, 95.00000000, -0.00019474
14.00000000, 96.00000000, 0.00035607
14.00000000, 97.00000000, 0.00357679
14.00000000, 98.00000000, 0.00496692
14.00000000, 99.00000000, 0.00323984
15.00000000, 0.00000000, -0.00047601
15.00000000, 1.00000000, -0.00359276
15.00000000, 2.00000000, 0.00906075
15.00000000, 3.00000000, -0.00482956
15.00000000, 4.00000000, -0.01216920
15.00000000, 5.00000000, 0.03440727
15.00000000, 6.00000000, 0.02526185
15.00000000, 7.00000000, -0.04444874
15.00000000, 8.00000000, -0.04790052
15.00000000, 9.00000000, 0.03278245
15.00000000, 10.00000000, 0.08035201
15.00000000, 11.00000000, 0.02400729
15.00000000, 12.00000000, -0.07234422
15.00000000, 13.00000000, -0.09958735
15.00000000, 14.00000000, -0.02442221
15.00000000, 15.00000000, 0.08786372
15.00000000, 16.00000000, 0.14291624
15.00000000, 17.00000000, 0.09605597
15.00000000, 18.00000000, -0.02226824
15.00000000, 19.00000000, -0.13741621
15.00000000, 20.00000000, -0.18235482
15.00000000, 21.00000000, -0.13376818
15.00000000, 22.00000000, -0.01706339
15.00000000, 23.00000000, 0.11351395
15.00000000, 24.00000000, 0.20323764
15.00000000, 25.00000000, 0.21891156
15.00000000, 26.00000000, 0.15740808
15.00000000, 27.00000000, 0.04141299
15.00000000, 28.00000000, -0.09236710
15.00000000, 29.00000000, -0.20640997
15.00000000, 30.00000000, -0.27249690
15.00000000, 31.00000000, -0.27675629
15.00000000, 32.00000000, -0.21982101
15.00000000, 33.00000000, -0.11357705
15.00000000, 34.00000000, 0.02364510
15.00000000, 35.00000000, 0.17185296
15.00000000, 36.00000000, 0.31313530
15.00000000, 37.00000000, 0.43394850
15.00000000, 38.00000000, 0.52598873
15.00000000, 39.00000000, 0.58596318
15.00000000, 40.00000000, 0.61467139
15.00000000, 41.00000000, 0.61578286
15.00000000, 42.00000000, 0.59460753
15.00000000, 43.00000000, 0.55704575
15.00000000, 44.00000000, 0.50880509
15.00000000, 45.00000000, 0.45489701
15.00000000, 46.00000000, 0.39937938
15.00000000, 47.00000000, 0.34528891
15.00000000, 48.00000000, 0.29470244
15.00000000, 49.00000000, 0.24887299
15.00000000, 50.00000000, 0.20839745
15.00000000, 51.00000000, 0.17338617
15.00000000, 52.00000000, 0.14361578
15.00000000, 53.00000000, 0.11865623
15.00000000, 54.00000000, 0.09796933
15.00000000, 55.00000000, 0.08098030
15.00000000, 56.00000000, 0.06712607
15.00000000, 57.00000000, 0.05588508
15.00000000, 58.00000000, 0.04679303
15.00000000, 59.00000000, 0.03944882
15.00000000, 60.00000000, 0.03351397
15.00000000, 61.00000000, 0.02870812
15.00000000, 62.00000000, 0.02480256
15.00000000, 63.00000000, 0.02161291
15.00000000, 64.00000000, 0.01899197
15.00000000, 65.00000000, 0.01682309
15.00000000, 66.00000000, 0.01501432
15.00000000, 67.00000000, 0.01349344
15.00000000, 68.00000000, 0.01220385
15.00000000, 69.00000000, 0.01110117
15.00000000, 70.00000000, 0.01015059
15.00000000, 71.00000000, 0.00932470
15.00000000, 72.00000000, 0.00860185
15.00000000, 73.00000000, 0.00796486
15.00000000, 74.00000000, 0.00739998
15.00000000, 75.00000000, 0.00689617
15.00000000, 76.00000000, 0.00644446
15.00000000, 77.00000000, 0.00603754
15.00000000, 78.00000000, 0.00566938
15.00000000, 79.00000000, 0.00533498
15.00000000, 80.00000000, 0.00503015
15.00000000, 81.00000000, 0.00475138
15.00000000, 82.00000000, 0.00449567
15.00000000, 83.00000000, 0.00426047
15.00000000, 84.00000000, 0.00404381
15.00000000, 85.00000000, 0.00383779
15.00000000, 86.00000000, 0.00370948
15.00000000, 87.00000000, 0.00318967
15.00000000, 88.00000000, 0.00436198
15.00000000, 89.00000000, 0.00093472
15.00000000, 90.00000000, 0.00560695
15.00000000, 91.00000000, 0.00255139
15.00000000, 92.00000000, 0.00035947
15.00000000, 93.00000000, 0.00360717
15.00000000, 94.00000000, 0.00507931
15.00000000, 95.00000000, 0.00216688
15.00000000, 96.00000000, -0.00034889
15.00000000, 97.00000000, 0.00091889
15.00000000, 98.00000000, 0.00380644
15.00000000, 99.00000000, 0.00538107
16.00000000, 0.00000000, 0.00401090
16.00000000, 1.00000000, -0.00611769
16.00000000, 2.00000000, 0.00841669
16.00000000, 3.00000000, 0.00546339
16.00000000, 4.00000000, -0.02664114
16.00000000, 5.00000000, 0.00845578
16.00000000, 6.00000000, 0.05171410
16.00000000, 7.00000000, 0.00535858
16.00000000, 8.00000000, -0.06161246
16.00000000, 9.00000000, -0.03819979
16.00000000, 10.00000000, 0.04924847
16.00000000, 11.00000000, 0.08480364
16.00000000, 12.00000000, 0.01985127
16.00000000, 13.00000000, -0.07745061
16.00000000, 14.00000000, -0.10707937
16.00000000, 15.00000000, -0.03713408
16.00000000, 16.00000000, 0.07632121
16.00000000, 17.00000000, 0.14535069
16.00000000, 18.00000000, 0.11911521
16.00000000, 19.00000000, 0.01331881
16.00000000, 20.00000000, -0.10881133
16.00000000, 21.00000000, -0.17964215
16.00000000, 22.00000000, -0.16364144
16.00000000, 23.00000000, -0.06992559
16.00000000, 24.00000000, 0.05881906
16.00000000, 25.00000000, 0.16961705
16.00000000, 26.00000000, 0.22151010
16.00000000, 27.00000000, 0.19835160
16.00000000, 28.00000000, 0.11001368
16.00000000, 29.00000000, -0.01515468
16.00000000, 30.00000000, -0.14169610
16.00000000, 31.00000000, -0.23769383
16.00000000, 32.00000000, -0.28187940
16.00000000, 33.00000000, -0.26633930
16.00000000, 34.00000000, -0.19545103
16.00000000, 35.00000000, -0.08244020
16.00000000, 36.00000000, 0.05494095
16.00000000, 37.00000000, 0.19842461
16.00000000, 38.00000000, 0.33221944
16.00000000, 39.00000000, 0.44473721
16.00000000, 40.00000000, 0.52914856
16.00000000, 41.00000000, 0.58305337
16.00000000, 42.00000000, 0.60761135
16.00000000, 43.00000000, 0.60644888
16.00000000, 44.00000000, 0.58458103
16.00000000, 45.00000000, 0.54749783
16.00000000, 46.00000000, 0.50048384
16.00000000, 47.00000000, 0.44817961
16.00000000, 48.00000000, 0.39435575
16.00000000, 49.00000000, 0.34185214
16.00000000, 50.00000000, 0.29263044
16.00000000, 51.00000000, 0.24789350
16.00000000, 52.00000000, 0.20823442
16.00000000, 53.00000000, 0.17378877
16.00000000, 54.00000000, 0.14437357
16.00000000, 55.00000000, 0.11960405
16.00000000, 56.00000000, 0.09898556
16.00000000, 57.00000000, 0.08198135
16.00000000, 58.00000000, 0.06805929
16.00000000, 59.00000000, 0.05672148
16.00000000, 60.00000000, 0.04752065
16.00000000, 61.00000000, 0.04006716
16.00000000, 62.00000000, 0.03402969
16.00000000, 63.00000000, 0.02913177
16.00000000, 64.00000000, 0.02514631
16.00000000, 65.00000000, 0.02188909
16.00000000, 66.00000000, 0.01921214
16.00000000, 67.00000000, 0.01699759
16.00000000, 68.00000000, 0.01515206
16.00000000, 69.00000000, 0.01360191
16.00000000, 70.00000000, 0.01228920
16.00000000, 71.00000000, 0.01116837
16.00000000, 72.00000000, 0.01020361
16.00000000, 73.00000000, 0.00936667
16.00000000, 74.00000000, 0.00863524
16.00000000, 75.00000000, 0.00799156
16.00000000, 76.00000000, 0.00742147
16.00000000, 77.00000000, 0.00691358
16.00000000, 78.00000000, 0.00645868
16.00000000, 79.00000000, 0.00604924
16.00000000, 80.00000000, 0.00567908
16.00000000, 81.00000000, 0.00534309
16.00000000, 82.00000000, 0.00503698
16.00000000, 83.00000000, 0.00475706
16.00000000, 84.00000000, 0.00450344
16.00000000, 85.00000000, 0.00423477
16.00000000, 86.00000000, 0.00423203
16.00000000, 87.00000000, 0.00312469
16.00000000, 88.00000000, 0.00545696
16.00000000, 89.00000000, 0.00085973
16.00000000, 90.00000000, 0.00476112
16.00000000, 91.00000000, 0.00475222
16.00000000, 92.00000000, 0.00093199
16.00000000, 93.00000000, 0.00153351
16.00000000, 94.00000000, 0.00476263
16.00000000, 95.00000000, 0.00472264
16.00000000, 96.00000000, 0.00155299
16.00000000, 97.00000000, -0.00020784
16.00000000, 98.00000000, 0.00101198
16.00000000, 99.00000000, 0.00388161
17.00000000, 0.00000000, 0.00901055
17.00000000, 1.00000000, -0.00582076
17.00000000, 2.00000000, 0.00277462
17.00000000, 3.00000000, 0.02017127
17.00000000, 4.00000000, -0.02078340
17.00000000, 5.00000000, -0.02779297
17.00000000, 6.00000000, 0.03513833
17.00000000, 7.00000000, 0.05373397
17.00000000, 8.00000000, -0.01564558
17.00000000, 9.00000000, -0.07064682
17.00000000, 10.00000000, -0.02847675
17.00000000, 11.00000000, 0.06063962
17.00000000, 12.00000000, 0.08889639
17.00000000, 13.00000000, 0.02053727
17.00000000, 14.00000000, -0.07824369
17.00000000, 15.00000000, -0.11441654
17.00000000, 16.00000000, -0.05356241
17.00000000, 17.00000000, 0.05901189
17.00000000, 18.00000000, 0.14196175
17.00000000, 19.00000000, 0.13870535
17.00000000, 20.00000000, 0.05036242
17.00000000, 21.00000000, -0.07264022
17.00000000, 22.00000000, -0.16499876
17.00000000, 23.00000000, -0.18183450
17.00000000, 24.00000000, -0.11690671
17.00000000, 25.00000000, 0.00040864
17.00000000, 26.00000000, 0.12253863
17.00000000, 27.00000000, 0.20461407
17.00000000, 28.00000000, 0.21989806
17.00000000, 29.00000000, 0.16564240
17.00000000, 30.00000000, 0.05997202
17.00000000, 31.00000000, -0.06676812
17.00000000, 32.00000000, -0.18209381
17.00000000, 33.00000000, -0.25966069
17.00000000, 34.00000000, -0.28406127
17.00000000, 35.00000000, -0.25194131
17.00000000, 36.00000000, -0.17024202
17.00000000, 37.00000000, -0.05280612
17.00000000, 38.00000000, 0.08344778
17.00000000, 39.00000000, 0.22188681
17.00000000, 40.00000000, 0.34856529
17.00000000, 41.00000000, 0.45353034
17.00000000, 42.00000000, 0.53115208
17.00000000, 43.00000000, 0.57973440
17.00000000, 44.00000000, 0.60069932
17.00000000, 45.00000000, 0.59760556
17.00000000, 46.00000000, 0.57519682
17.00000000, 47.00000000, 0.53860014
17.00000000, 48.00000000, 0.49272976
17.00000000, 49.00000000, 0.44190180
17.00000000, 50.00000000, 0.38963458
17.00000000, 51.00000000, 0.33859359
17.00000000, 52.00000000, 0.29063682
17.00000000, 53.00000000, 0.24692040
17.00000000, 54.00000000, 0.20803174
17.00000000, 55.00000000, 0.17412714
17.00000000, 56.00000000, 0.14505845
17.00000000, 57.00000000, 0.12048093
17.00000000, 58.00000000, 0.09993902
17.00000000, 59.00000000, 0.08293067
17.00000000, 60.00000000, 0.06895240
17.00000000, 61.00000000, 0.05752852
17.00000000, 62.00000000, 0.04822806
17.00000000, 63.00000000, 0.04067265
17.00000000, 64.00000000, 0.03453809
17.00000000, 65.00000000, 0.02955206
17.00000000, 66.00000000, 0.02548938
17.00000000, 67.00000000, 0.02216625
17.00000000, 68.00000000, 0.01943423
17.00000000, 69.00000000, 0.01717443
17.00000000, 70.00000000, 0.01529222
17.00000000, 71.00000000, 0.01371268
17.00000000, 72.00000000, 0.01237661
17.00000000, 73.00000000, 0.01123736
17.00000000, 74.00000000, 0.01025814
17.00000000, 75.00000000, 0.00940989
17.00000000, 76.00000000, 0.00866962
17.00000000, 77.00000000, 0.00801905
17.00000000, 78.00000000, 0.00744359
17.00000000, 79.00000000, 0.00693149
17.00000000, 80.00000000, 0.00647328
17.00000000, 81.00000000, 0.00606124
17.00000000, 82.00000000, 0.00568907
17.00000000, 83.00000000, 0.00534987
17.00000000, 84.00000000, 0.00506099
17.00000000, 85.00000000, 0.00464925
17.00000000, 86.00000000, 0.00499431
17.00000000, 87.00000000, 0.00289337
17.00000000, 88.00000000, 0.00647378
17.00000000, 89.00000000, 0.00171606
17.00000000, 90.00000000, 0.00324304
17.00000000, 91.00000000, 0.00590774
17.00000000, 92.00000000, 0.00311911
17.00000000, 93.00000000, 0.00071175
17.00000000, 94.00000000, 0.00275718
17.00000000, 95.00000000, 0.00532473
17.00000000, 96.00000000, 0.00431927
17.00000000, 97.00000000, 0.00144580
17.00000000, 98.00000000, -0.00020592
17.00000000, 99.00000000, -0.00072662
18.00000000, 0.00000000, 0.01155762
18.00000000, 1.00000000, -0.00142926
18.00000000, 2.00000000, -0.00802564
18.00000000, 3.00000000, 0.02655014
18.00000000, 4.00000000, 0.00638816
18.00000000, 5.00000000, -0.04216806
18.00000000, 6.00000000, -0.01281268
18.00000000, 7.00000000, 0.05515042
18.00000000, 8.00000000, 0.04725304
18.00000000, 9.00000000, -0.03278192
18.00000000, 10.00000000, -0.07518753
18.00000000, 11.00000000, -0.02140233
18.00000000, 12.00000000, 0.06792658
18.00000000, 13.00000000, 0.09362241
18.00000000, 14.00000000, 0.02577578
18.00000000, 15.00000000, -0.07474744
18.00000000, 16.00000000, -0.12044207
18.00000000, 17.00000000, -0.07219003
18.00000000, 18.00000000, 0.03651407
18.00000000, 19.00000000, 0.13178117
18.00000000, 20.00000000, 0.15257311
18.00000000, 21.00000000, 0.08614572
18.00000000, 22.00000000, -0.03100865
18.00000000, 23.00000000, -0.13888547
18.00000000, 24.00000000, -0.18655377
18.00000000, 25.00000000, -0.15413755
18.00000000, 26.00000000, -0.05683718
18.00000000, 27.00000000, 0.06624645
18.00000000, 28.00000000, 0.17020008
18.00000000, 29.00000000, 0.22075643
18.00000000, 30.00000000, 0.20373429
18.00000000, 31.00000000, 0.12614593
18.00000000, 32.00000000, 0.01080950
18.00000000, 33.00000000, -0.11222530
18.00000000, 34.00000000, -0.21420327
18.00000000, 35.00000000, -0.27392194
18.00000000, 36.00000000, -0.28079993
18.00000000, 37.00000000, -0.23492997
18.00000000, 38.00000000, -0.14496061
18.00000000, 39.00000000, -0.02487614
18.00000000, 40.00000000, 0.10936205
18.00000000, 41.00000000, 0.24263533
18.00000000, 42.00000000, 0.36260254
18.00000000, 43.00000000, 0.46068602
18.00000000, 44.00000000, 0.53223954
18.00000000, 45.00000000, 0.57612692
18.00000000, 46.00000000, 0.59396021
18.00000000, 47.00000000, 0.58921537
18.00000000, 48.00000000, 0.56638654
18.00000000, 49.00000000, 0.53027778
18.00000000, 50.00000000, 0.48547668
18.00000000, 51.00000000, 0.43601352
18.00000000, 52.00000000, 0.38518338
18.00000000, 53.00000000, 0.33549622
18.00000000, 54.00000000, 0.28871628
18.00000000, 55.00000000, 0.24595606
18.00000000, 56.00000000, 0.20779602
18.00000000, 57.00000000, 0.17440943
18.00000000, 58.00000000, 0.14567839
18.00000000, 59.00000000, 0.12129367
18.00000000, 60.00000000, 0.10083497
18.00000000, 61.00000000, 0.08383197
18.00000000, 62.00000000, 0.06980773
18.00000000, 63.00000000, 0.05830746
18.00000000, 64.00000000, 0.04891579
18.00000000, 65.00000000, 0.04126527
18.00000000, 66.00000000, 0.03503889
18.00000000, 67.00000000, 0.02996858
18.00000000, 68.00000000, 0.02583131
18.00000000, 69.00000000, 0.02244397
18.00000000, 70.00000000, 0.01965787
18.00000000, 71.00000000, 0.01735331
18.00000000, 72.00000000, 0.01543458
18.00000000, 73.00000000, 0.01382558
18.00000000, 74.00000000, 0.01246599
18.00000000, 75.00000000, 0.01130807
18.00000000, 76.00000000, 0.01031413
18.00000000, 77.00000000, 0.00945433
18.00000000, 78.00000000, 0.00870500
18.00000000, 79.00000000, 0.00804735
18.00000000, 80.00000000, 0.00746634
18.00000000, 81.00000000, 0.00694987
18.00000000, 82.00000000, 0.00648907
18.00000000, 83.00000000, 0.00606392
18.00000000, 84.00000000, 0.00576832
18.00000000, 85.00000000, 0.00503626
18.00000000, 86.00000000, 0.00606575
18.00000000, 87.00000000, 0.00268935
18.00000000, 88.00000000, 0.00696043
18.00000000, 89.00000000, 0.00357475
18.00000000, 90.00000000, 0.00207655
18.00000000, 91.00000000, 0.00538646
18.00000000, 92.00000000, 0.00545646
18.00000000, 93.00000000, 0.00206139
18.00000000, 94.00000000, 0.00112551
18.00000000, 95.00000000, 0.00372785
18.00000000, 96.00000000, 0.00546030
18.00000000, 97.00000000, 0.00427891
18.00000000, 98.00000000, 0.00229685
18.00000000, 99.00000000, -0.00535701
19.00000000, 0.00000000, 0.00959374
19.00000000, 1.00000000, 0.00738044
19.00000000, 2.00000000, -0.01761050
19.00000000, 3.00000000, 0.01455081
19.00000000, 4.00000000, 0.03474760
19.00000000, 5.00000000, -0.01838792
19.00000000, 6.00000000, -0.04958185
19.00000000, 7.00000000, 0.00673297
19.00000000, 8.00000000, 0.06701048
19.00000000, 9.00000000, 0.03831708
19.00000000, 10.00000000, -0.04532782
19.00000000, 11.00000000, -0.07802953
19.00000000, 12.00000000, -0.01789939
19.00000000, 13.00000000, 0.07178483
19.00000000, 14.00000000, 0.09904192
19.00000000, 15.00000000, 0.03499455
19.00000000, 16.00000000, -0.06684978
19.00000000, 17.00000000, -0.12387195
19.00000000, 18.00000000, -0.09131249
19.00000000, 19.00000000, 0.00983837
19.00000000, 20.00000000, 0.11441944
19.00000000, 21.00000000, 0.15885976
19.00000000, 22.00000000, 0.11786396
19.00000000, 23.00000000, 0.01332340
19.00000000, 24.00000000, -0.10282329
19.00000000, 25.00000000, -0.17713061
19.00000000, 26.00000000, -0.17852571
19.00000000, 27.00000000, -0.10811645
19.00000000, 28.00000000, 0.00576364
19.00000000, 29.00000000, 0.12177111
19.00000000, 30.00000000, 0.20154688
19.00000000, 31.00000000, 0.22151462
19.00000000, 32.00000000, 0.17767947
19.00000000, 33.00000000, 0.08371606
19.00000000, 34.00000000, -0.03538427
19.00000000, 35.00000000, -0.15121411
19.00000000, 36.00000000, -0.23894200
19.00000000, 37.00000000, -0.28192066
19.00000000, 38.00000000, -0.27348288
19.00000000, 39.00000000, -0.21629860
19.00000000, 40.00000000, -0.12010492
19.00000000, 41.00000000, 0.00128160
19.00000000, 42.00000000, 0.13290033
19.00000000, 43.00000000, 0.26101641
19.00000000, 44.00000000, 0.37468428
19.00000000, 45.00000000, 0.46648896
19.00000000, 46.00000000, 0.53259701
19.00000000, 47.00000000, 0.57232060
19.00000000, 48.00000000, 0.58740796
19.00000000, 49.00000000, 0.58124342
19.00000000, 50.00000000, 0.55809163
19.00000000, 51.00000000, 0.52246764
19.00000000, 52.00000000, 0.47866909
19.00000000, 53.00000000, 0.43047262
19.00000000, 54.00000000, 0.38097456
19.00000000, 55.00000000, 0.33254533
19.00000000, 56.00000000, 0.28686397
19.00000000, 57.00000000, 0.24500221
19.00000000, 58.00000000, 0.20753267
19.00000000, 59.00000000, 0.17464252
19.00000000, 60.00000000, 0.14624024
19.00000000, 61.00000000, 0.12204823
19.00000000, 62.00000000, 0.10167811
19.00000000, 63.00000000, 0.08468862
19.00000000, 64.00000000, 0.07062747
19.00000000, 65.00000000, 0.05905956
19.00000000, 66.00000000, 0.04958438
19.00000000, 67.00000000, 0.04184512
19.00000000, 68.00000000, 0.03553188
19.00000000, 69.00000000, 0.03038097
19.00000000, 70.00000000, 0.02617170
19.00000000, 71.00000000, 0.02272187
19.00000000, 72.00000000, 0.01988272
19.00000000, 73.00000000, 0.01753395
19.00000000, 74.00000000, 0.01557893
19.00000000, 75.00000000, 0.01394047
19.00000000, 76.00000000, 0.01255720
19.00000000, 77.00000000, 0.01138043
19.00000000, 78.00000000, 0.01037154
19.00000000, 79.00000000, 0.00949995
19.00000000, 80.00000000, 0.00874138
19.00000000, 81.00000000, 0.00807603
19.00000000, 82.00000000, 0.00749513
19.00000000, 83.00000000, 0.00692732
19.00000000, 84.00000000, 0.00671385
19.00000000, 85.00000000, 0.00536031
19.00000000, 86.00000000, 0.00740123
19.00000000, 87.00000000, 0.00290976
19.00000000, 88.00000000, 0.00662793
19.00000000, 89.00000000, 0.00585044
19.00000000, 90.00000000, 0.00230854
19.00000000, 91.00000000, 0.00381250
19.00000000, 92.00000000, 0.00633202
19.00000000, 93.00000000, 0.00466464
19.00000000, 94.00000000, 0.00159391
19.00000000, 95.00000000, 0.00179466
19.00000000, 96.00000000, 0.00421817
19.00000000, 97.00000000, 0.00523958
19.00000000, 98.00000000, 0.00759514
19.00000000, 99.00000000, -0.00635631
